4099056009
4100053035
4100053129
4100053144
4100054005
4100054007
4100054013
4100054015
4100054016
4100054018
4100054020
4100054021
4100054028
4100054101
4100054107
4100054120
4100056001
4100056003
4100056031
4100056043
4101053002
4101053013
4101053052
4101053054
4101053146
4101056011
4101056015
4101056020
4101056021
4101056026
4101056028
4101056030
4101056036
4101056049
4102053001
4102053003
4102053004
4102053005
4102053006
4102053007
4102053008
4102053009
4102053011
4102053012
4102053013
4102053014
4102053015
4102053017
4102053018
4102053019
4102053020
4102053022
4102053023
4102053024
4102053026
4102053027
4102053028
4102053029
4102053030
4102053031
4102053032
4102053035
4102053036
4102053039
4102053045
4102053046
4102053048
4102053050
4102053051
4102053101
4102053103
4102053106
4102053109
4102053110
4102053112
4102053113
4102053115
4102053116
4102053117
4102053118
4102053119
4102053122
4102053123
4102053125
4102053128
4102053129
4102053130
4102053132
4102053133
4102053135
4102053136
4102053137
4102053138
4102053139
4102053143
4102053145
4102053147
4102053148
4102053149
4102053150
4102053134