4100054030
4101031037
4101053037
4101053123
4101053147
4101056007
4101056042
4101056048
4101061004
4101061104
4101061128
4101064107
4102053034
4102053054
4102053055
4102053107
4102053120
4102053141
4102053144
4102053153
4102054004
4102054031
4102054036
4102056034
4102056043
4102061020
4102061039
4102061116
4102061120
4102061141
4102061148
4103053001
4103053003
4103053004
4103053005
4103053006
4103053007
4103053010
4103053011
4103053013
4103053014
4103053016
4103053017
4103053019
4103053020
4103053023
4103053027
4103053028
4103053029
4103053031
4103053035
4103053036
4103053037
4103053038
4103053039
4103053040
4103053042
4103053043
4103053044
4103053045
4103053046
4103053102
4103053104
4103053105
4103053106
4103053107
4103053108
4103053110
4103053111
4103053112
4103053113
4103053114
4103053118
4103053119
4103053120
4103053121
4103053122
4103053124
4103053127
4103053128
4103053131
4103053132
4103053133
4103053134
4103053135
4103053136
4103053137
4103053139
4103053140
4103053142
4103053143
4103053144
4103053145
4103053146




